0.626666666666667 -6.79580034684415 0
1.30666666666667 -6.23469543736363 0
0.466666666666667 -6.03055939427273 0
0.00666666666666671 -2.44431082942857 0
-0.613333333333333 -0.703359877402598 0
-0.423333333333333 0.112067835 0
1.16666666666667 0.689217765584415 0
-0.363333333333333 1.12855879255844 0
0.226666666666667 1.21782631375325 0
0.946666666666667 -10.2470896904805 0
0.476666666666667 -8.31832687163635 0
0.826666666666667 -10.6027058497143 0
1.65666666666667 -2.01708739280519 0
-0.513333333333333 -1.66671047915584 0
-0.887333333333333 -1.09972705124675 5
-1.62333333333333 -3.02705622935065 0
-1.35433333333333 -2.80483630314286 5
-5.52333333333333 0.240794509038961 0
-0.303333333333333 -0.687568731103896 0
-3.22233333333333 -4.19096463906493 0
-1.25333333333333 -2.41642863876624 5
-0.764333333333333 0.919461408961039 0
-1.16433333333333 -3.2620172442078 0
0.326666666666667 3.31794437361039 0
-0.414333333333333 3.39484819002598 5
-3.32633333333333 -5.00798840203896 0
-3.01633333333333 -5.45617602312986 0
-2.35033333333333 -4.83558923876623 5
-4.26333333333333 -1.03443153518182 5
-8.47233333333333 -10.118610415961 0
-2.03133333333333 -4.3818399644026 0
-2.25333333333333 1.7079718538961 0
-3.71633333333333 -6.70898670098701 0
-1.84933333333333 -3.08086253761039 0
-12.6403333333333 -13.6645962664416 0
-0.465333333333333 3.68487781641558 0
-10.8233333333333 -11.1331072533896 5
0.169666666666667 1.68329080892208 0
1.85666666666667 5.87497882536363 0
-3.91333333333333 -8.0888454815974 0
-2.80933333333333 0.316683072636363 0
-4.50333333333333 -7.83401581306494 0
-4.32933333333333 -6.63745488694805 0
-11.9963333333333 -11.1210568644156 0
1.96766666666667 5.06823418135065 5
-3.31033333333333 -1.51626713837662 0
-11.2283333333333 -10.1322512643506 0
-10.4133333333333 -11.9565206583636 0
-15.1943333333333 -17.0952386426623 0
-6.36333333333333 -8.80422989887013 0
0.904666666666667 4.17025547372727 0
-18.9633333333333 -16.6753759044416 0
-14.1333333333333 -14.3455677088831 0
-12.8133333333333 -11.5239991391818 0
-12.4213333333333 -13.3995086723117 5
-1.31333333333333 5.88294202564936 0
-4.66133333333333 -9.20813986367533 0
-11.6333333333333 -10.9771740562078 0
-14.5713333333333 -18.5733207267792 0
-18.1153333333333 -18.7965003172727 0
-14.2133333333333 -18.2351771817922 0
-6.50533333333333 -11.1490548782338 0
-11.9753333333333 -13.5261704765714 0
-0.949333333333333 -3.26919298166234 5
-4.92633333333333 -6.14911988371428 0
-4.98833333333333 -9.82789773890909 5
-14.8173333333333 -18.031855155 0
-17.3453333333333 -19.1559230080779 0
-36.7163333333333 -30.5528694625974 0
-3.18133333333333 -3.5058312905974 0
-1.19533333333333 -1.79193635974026 0
-22.8263333333333 -30.170024099065 5
-5.25733333333333 -8.31063532394805 0
-25.0023333333333 -25.2453953760909 5
-17.0523333333333 -18.6549152797273 0
-8.69733333333333 -12.4367864922857 0
-26.1233333333333 -30.283407254039 0
-12.0433333333333 -16.3909295901948 0
-6.41333333333333 -9.02719388772727 0
1.40766666666667 3.91695208481818 0
-7.63533333333333 -12.1514158354935 0
-6.64333333333333 -12.9473162424545 0
-23.3633333333333 -21.826672868974 0
-4.52233333333333 -4.04697353728572 0
-23.4733333333333 -21.911475297974 0
-16.2833333333333 -18.2610233134935 0
-22.2263333333333 -22.0017657978312 5
-39.0133333333333 -32.0776394148961 0
-4.85333333333333 -5.28423267498701 0
-26.6153333333333 -28.8042064842468 5
-4.80733333333333 -13.4469358655455 2
-10.6163333333333 -16.6942124015714 0
-1.08333333333333 4.98757810279221 0
-46.3433333333333 -42.4138198207273 2
-26.4683333333333 -32.7456181997792 0
-0.663333333333333 6.45591031922078 0
-1.97633333333333 6.45771396475324 0
-43.1803333333333 -39.8157970184806 0
-20.2373333333333 -21.7728059554935 0
-4.44333333333333 -5.14550244571429 2
-42.0003333333333 -32.9108585056104 0
-45.2223333333333 -39.2492756804805 2
-25.8483333333333 -25.7949084085195 0
-45.0333333333333 -42.3467608947013 0
-3.02333333333333 -3.74831152662338 0
-48.4533333333333 -40.5141704368961 0
-16.0363333333333 -19.7412677692467 0
-0.813333333333333 1.10478514396104 5
-5.00433333333333 -5.57208812149351 0
-23.8033333333333 -26.1199505832987 0
-3.75933333333333 -3.63805465649351 2
-48.2413333333333 -42.1959733261558 2
-11.0633333333333 -17.8663260255454 0
-8.82933333333333 -17.8104226657013 5
-52.1773333333333 -39.4056815382857 0
-53.0723333333333 -39.7522251644026 0
-43.4933333333333 -45.0738132323766 0
-5.69433333333333 -8.63715018470129 2
-9.12733333333333 -17.5805271511039 5
1.36666666666667 6.4351297701948 0
-31.3633333333333 -31.4440842754545 0
-8.08433333333333 -15.6425142477273 0
-5.66733333333333 6.47327701827273 2
-50.2233333333333 -39.8060401767403 0
-7.25333333333333 -14.5186707579351 0
-7.11033333333333 -14.5626673104546 0
-44.7433333333333 -45.5309613636754 5
-26.1233333333333 -28.9496871734156 5
-4.70533333333333 -5.86401483753247 0
-52.4173333333333 -40.1430350099351 0
-9.19533333333333 -16.9129917651299 2
-24.6223333333333 -28.5479840667792 0
-15.2733333333333 -23.557914188052 0
-2.59333333333333 1.34770988803896 0
-20.4533333333333 -25.4141826765714 5
-8.33033333333333 3.56446359122078 0
-8.18333333333333 -13.1906995573896 5
-7.03633333333333 -14.399026530039 0
-41.1853333333333 -44.9402672042728 0
-22.5533333333333 -30.3142592168442 2
-20.9133333333333 -26.6579467364675 0
-0.773333333333333 2.36103185818182 0
0.0966666666666667 2.33771587832467 0
-9.02333333333333 -12.6973663777792 5
-53.2293333333333 -43.7549736185973 2
-6.51333333333333 -12.7617536631169 0
-17.6963333333333 -26.5786910224675 2
-46.0133333333333 -46.1463029887792 0
-47.2233333333333 -46.0213040233766 2
-24.4433333333333 -30.7695343844415 0
-29.4993333333333 -30.7787107541428 0
-11.0313333333333 -21.0967239360649 2
-54.4513333333333 -45.9355918775844 0
-38.9533333333333 -40.1142634944935 0
-54.1423333333333 -43.0727203303637 0
-7.32433333333333 -13.0000810962078 0
-41.5813333333333 -46.3625352824026 2
-9.38933333333333 -20.7397772747143 0
-9.43433333333333 -21.3610663733636 0
-11.0133333333333 -15.4914393509221 0
-50.7033333333333 -39.6921760303376 0
-37.9733333333333 -36.9642196152597 2
-10.1393333333333 -16.5473585311948 0
-7.90033333333333 -12.9269881560519 5
-2.19333333333333 5.30191962002598 0
-9.41333333333333 -13.0708326937532 0
-56.2433333333333 -45.4280536945455 0
-2.21133333333333 5.02578069712987 0
-8.52333333333333 -9.20034795115584 2
-44.1893333333333 -39.681778232 0
-8.09333333333333 -7.24074716984416 0
-42.0213333333333 -45.1672602398702 0
-46.1163333333333 -47.0947491174026 2
-10.0383333333333 -21.0970135817013 5
-2.08333333333333 5.22480105997403 0
-22.0783333333333 -30.9785225038831 0
-5.68133333333333 -12.9129337934416 0
-51.3433333333333 -48.2279175107272 2
-21.3403333333333 -27.214188410052 0
-0.663333333333333 0.372563187311688 0
-3.11633333333333 3.51927027203896 0
-12.2203333333333 -23.4120316963247 0
-53.0713333333333 -48.1940517441168 5
-1.10533333333333 4.89788909020779 0
-45.5633333333333 -47.426323563039 0
-7.59133333333333 -10.3189184325584 0
-46.4133333333333 -46.8967452547143 0
-2.27933333333333 -1.78077372516883 5
-13.6923333333333 -18.9195481416883 0
-16.3933333333333 -18.9214636350909 2
-2.71933333333333 -2.35194966301299 2
-22.9033333333333 -31.3985483853246 0
-8.05733333333333 -13.5734113072338 2
-6.53333333333333 -13.5704699198312 0
-5.02233333333333 -3.24848911758442 0
-57.1833333333333 -50.2494295422727 0
-38.8703333333333 -39.5730298071818 2
-53.3653333333333 -49.6418091538572 0
-40.2233333333333 -39.5100288217791 0
-48.6533333333333 -49.0248700734156 0
-44.4133333333333 -49.1219332495454 0
-19.5973333333333 -28.9444408796493 0
-40.5433333333333 -43.3446233978571 0
-8.34933333333333 -13.1668928857533 5
-3.29933333333333 -4.65589171263636 0
-50.0223333333333 -47.6131470153767 2
-17.0133333333333 -22.5933338565844 0
-2.18533333333333 4.00012216268831 0
1.09666666666667 2.44948646761039 0
-51.9973333333333 -51.2016265584415 5
-38.5833333333333 -35.7514145666753 0
-4.03933333333333 -4.3231358511039 0
-0.921333333333333 -2.74425344837662 5
-7.45933333333333 -10.614322845974 2
-1.18333333333333 0.203632223688312 5
-25.0943333333333 -31.6598586155454 2
-1.36033333333333 3.23744452732468 5
-4.02733333333333 -4.09804829785714 2
-26.1293333333333 -28.1937426241558 0
-3.53033333333333 -0.779523309610389 0
-8.44333333333333 -10.9067961346753 0
-1.52333333333333 2.94199334201299 2
-52.1833333333333 -50.8069913038831 0
-9.15233333333333 -14.7934460314675 0
-12.5993333333333 -20.2408613788052 0
-6.95333333333333 -13.9830843161948 0
-46.7343333333333 -51.3865864784805 0
-11.0333333333333 -14.5166266269091 2
-8.76333333333333 -14.5123492634545 2
-30.9883333333333 -30.6919252708831 0
-5.19033333333333 2.83157537081818 0
-17.3323333333333 -19.1620361621559 0
-2.93333333333333 -3.7000635742987 0
-19.4533333333333 -19.0509698914805 0
-9.54333333333333 -12.4673076392468 0
-43.0773333333333 -42.6465089864156 2
-10.1943333333333 -13.0314237171039 0
-7.48033333333333 -10.2822664799351 2
-14.0703333333333 -18.202575753013 0
-56.1533333333333 -50.5482779140909 2
-40.0233333333333 -37.3372776867922 0
-54.6633333333333 -47.786641418935 0
-50.8933333333333 -47.8129971300909 0
-12.3073333333333 -14.6893066531818 0
-50.1733333333333 -48.573428846987 0
-42.0043333333333 -45.9318241716883 0
-33.1033333333333 -25.166601893987 0
-45.6363333333333 -39.2098206774546 0
-17.8003333333333 -18.9075915932468 0
-11.5343333333333 -15.2168560251169 0
-28.5713333333333 -25.2184958135844 5
-9.18333333333333 -11.6831679816104 0
-12.6913333333333 -17.8709644244675 0
-10.7333333333333 -12.7023754348701 2
-1.66433333333333 -5.04469595851948 0
-2.18733333333333 0.324461154675325 5
-6.06333333333333 -9.60608271811687 0
-10.8403333333333 -14.5095627883636 2
-53.6673333333333 -50.7362534228961 2
-2.28433333333333 0.643167572519481 0
-4.86033333333333 -7.03350664464936 5
-33.9493333333333 -31.8190094095325 2
-52.8033333333333 -43.9450852742857 2
-10.1333333333333 -14.8091372665715 0
-5.48933333333333 -9.98858424266234 5
-3.28733333333333 0.127094506012987 0
-9.73133333333333 -13.0053240863507 0
-48.4003333333333 -43.8859811769221 0
-49.6743333333333 -34.8222369812728 0
-2.96533333333333 -5.85657027220779 2
-51.8413333333333 -48.8680921333247 0
-3.03233333333333 -1.48581647027273 0
-4.36333333333333 -6.81747941833766 0
-32.4833333333333 -30.971741645961 0
0.766666666666667 -10.093393157987 0
-53.8113333333333 -52.4278417212727 5
-51.9533333333333 -43.932502011974 0
-31.3033333333333 -30.0643287161039 0
-53.7013333333333 -51.6071577390779 0
-3.00833333333333 -6.61409747829871 2
-23.9373333333333 -21.063994204013 2
-19.9833333333333 -21.1090123139351 2
-12.8623333333333 -17.5559057327662 0
-25.0333333333333 -21.1137498117922 2
-20.9853333333333 -16.2201267758442 0
-2.44333333333333 -1.26502002824675 0
-0.883333333333333 -0.99815463855844 2
-10.7193333333333 -12.7823210907143 5
-1.31333333333333 -0.138904275909091 0
-2.66233333333333 -5.84046398211688 0
-49.4033333333333 -37.9815712682338 0
-52.8533333333333 -47.7655107635714 0
-10.8173333333333 -13.6763477526624 2
-10.0923333333333 -12.486772844026 0
-54.0853333333333 -49.0088459405195 2
-21.9033333333333 -18.6186261476753 0
-5.61433333333333 -0.913224965272728 5
-23.0493333333333 -18.6531349347792 0
-13.1433333333333 -15.0015999355325 5
-2.72533333333333 -1.3752751472987 0
-11.5833333333333 -17.8230940537532 2
-1.53333333333333 -1.4916917108961 2
-3.52233333333333 -1.30331914906494 5
-55.7803333333333 -44.5845755258831 2
-7.68133333333333 -11.3529235554805 2
0.176666666666667 -1.61193695512987 0
-9.49333333333333 -13.0131163265974 2
-2.83533333333333 -2.04656031522078 0
-5.98133333333333 -8.28090548742857 2
-13.6633333333333 -17.9788568688052 5
-54.1753333333333 -50.4537538708831 0
-2.36333333333333 -1.71210432514286 0
-53.1213333333333 -47.5729660072467 0
-2.22333333333333 -1.52591566727273 2
-30.7133333333333 -24.1636029686753 2
-56.4133333333333 -52.2699655451688 2
-1.40333333333333 -1.35989346418182 2
-53.3533333333333 -52.5714413487272 5
-55.2703333333333 -47.7232350934285 0
-4.76533333333333 -3.37449498987013 2
-0.813333333333333 0.139747272337662 0
-27.0583333333333 -22.3833479934545 2
-5.25533333333333 -8.41655378146754 0
-4.21733333333333 -4.44080039133766 0
-50.8233333333333 -37.6105732304545 2
-5.38033333333333 -3.05966580361039 0
-13.3833333333333 -16.3051749284545 0
-47.3133333333333 -36.9957361998311 2
-13.8143333333333 -19.9073720973246 0
-12.4033333333333 -14.5705880437273 0
-55.5663333333333 -43.5373824044156 0
-2.95033333333333 -2.43448922758441 0
-11.4173333333333 -16.4095712575455 0
-14.6533333333333 -18.6742962638441 5
-52.5833333333333 -45.4894975169481 0
-3.32333333333333 -1.50032604222078 0
-15.4033333333333 -18.6667974126104 2
-13.7333333333333 -16.4043757091558 0
-6.89333333333333 -8.44006807484416 0
-5.60833333333333 -8.45157969119481 2
-49.2113333333333 -34.3289976605065 2
-14.0713333333333 -18.7928252750519 2
-13.6783333333333 -20.1662460995844 0
-10.8433333333333 -12.9441458912078 2
-4.09433333333333 -4.51525374268831 0
-1.01333333333333 -2.91575486938961 2
-13.0433333333333 -18.2686485822078 0
-3.35833333333333 -4.10286635554546 2
-51.9953333333333 -37.2232442682208 2
-49.8673333333333 -35.9685683961558 5
-2.92933333333333 -0.601718110623376 2
-5.15433333333333 -5.5849626533896 0
-55.0173333333333 -48.1474148994546 0
-26.7623333333333 -24.2961569705845 2
-53.8943333333333 -45.1878380224675 0
-4.52533333333333 -3.6789574338961 0
-4.09633333333333 -7.933421502 0
-3.75433333333333 -5.15829644244156 0
-15.4933333333333 -15.3915845452338 0
-4.06833333333333 -3.26319581396104 0
-2.34433333333333 -7.09863790154546 0
-57.4733333333333 -43.9226184550649 0
-14.5263333333333 -20.7537485073766 0
-16.8603333333333 -21.4486840261169 0
-9.63033333333333 -13.7806632600519 0
-1.90333333333333 -1.214725788 2
-9.79333333333333 -11.1745100238571 0
-13.7133333333333 -16.6632975561818 2
-24.6433333333333 -21.8823549532987 0
-4.35333333333333 -5.28487274648052 2
-2.82233333333333 -0.998490381831169 0
-56.2133333333333 -42.3834773203896 0
-2.20333333333333 -1.73208436853246 0
-4.38933333333333 -4.51780035546753 2
-2.92433333333333 -2.47983842951948 0
-28.2933333333333 -25.545104079 0
-4.11833333333333 -4.65472965824675 2
-3.71833333333333 -5.87641138602597 0
-3.60433333333333 -7.69847684925974 0
-55.0803333333333 -44.1445063316623 2
-2.34233333333333 -1.2523967527013 0
-7.08333333333333 -10.0991753866104 2
-4.23833333333333 -2.14126328436364 0
-43.1733333333333 -33.8785779077922 2
-3.71333333333333 -5.51802950922078 2
-15.3863333333333 -17.3450735615325 2
-55.6933333333333 -40.6748815324286 0
-5.01533333333333 -5.34877917785714 2
-53.1293333333333 -42.7478046169611 2
-54.2953333333333 -45.2775734104805 0
-53.8533333333333 -41.9305884766883 0
-14.3713333333333 -15.4859811869221 2
-4.55533333333333 -5.21560306797403 2
-1.84333333333333 -2.1095348024026 0
-54.6023333333333 -40.5480024317143 0
-54.3383333333333 -46.5692762379091 2
-6.42133333333333 -5.67495800828572 0
-55.9843333333333 -41.3039127170259 0
-15.6963333333333 -21.3233475653766 0
-3.98033333333333 -8.73559547992208 0
-5.47633333333333 -5.59083490585714 2
-17.0233333333333 -18.0323592824675 2
-53.2033333333333 -45.524024365026 2
-4.74633333333333 -5.07106522854546 2
-3.07333333333333 -5.7236686182987 0
-2.17533333333333 -1.11986025351948 0
-17.7233333333333 -18.0722426488052 2
-14.3153333333333 -14.8253257664545 2
-15.9833333333333 -14.8654974658182 0
-53.9513333333333 -47.6470683992337 2
-56.2733333333333 -45.8747771837273 2
-55.6573333333333 -47.7844312558961 0
-55.4083333333333 -48.8193401918052 2
-54.3983333333333 -45.6462328142079 2
-23.4533333333333 -22.5171402773506 0
-11.5603333333333 -13.6628002439611 0
-55.0533333333333 -41.8469448504416 0
-3.04633333333333 -3.88807266044156 2
-54.3333333333333 -38.9750378462598 2
-31.9233333333333 -29.1598010472467 2
-5.34833333333333 -8.45220483818182 2
-17.0033333333333 -20.6884444794805 2
-1.90333333333333 -5.18736811941559 2
-57.2483333333333 -40.1586482941298 0
-55.7473333333333 -44.6590612639091 0
-18.4403333333333 -17.597905077 2
-55.1503333333333 -42.0806587412857 2
-2.56833333333333 -5.32467292628572 0
-3.17333333333333 -5.43448373892208 0
-57.2663333333333 -45.3708965554156 2
-6.36633333333333 -7.19076818577922 2
-57.4863333333333 -41.4610696822337 2
-3.31333333333333 -5.49052588933767 0
-56.8433333333333 -48.4594428981299 2
-53.5423333333333 -38.4808137447403 2
-18.4633333333333 -19.5529076927402 0
-3.96333333333333 -5.79039390494805 2
-2.69733333333333 -2.16097520694805 0
-5.11233333333333 -8.40212015275324 0
-56.6533333333333 -45.8350894383377 0
-53.1233333333333 -38.6216734018571 0
-4.17333333333333 -8.30323823418182 0
-56.7873333333333 -44.5699024977663 2
-5.00233333333333 -8.51474485763637 0
-4.39333333333333 -9.66792144640259 2
-8.67433333333333 -7.48501675590909 0
-57.8433333333333 -47.4888805257272 0
-4.59333333333333 -7.51571682876622 2
-55.9543333333333 -43.3450304822468 2
-54.7863333333333 -42.0046383809741 2
-5.27733333333333 -10.0000147746493 0
-5.97133333333333 -7.54862022979221 0
-57.1683333333333 -45.0180139607792 2
-57.3893333333333 -47.2346953675454 2
-4.77333333333333 -8.15136882342857 0
-5.49833333333333 -8.16374616797403 2
-3.36333333333333 -8.49240537933767 2
-4.08533333333333 -8.50551880183116 0
-56.8533333333333 -45.3423032793247 0
-2.40333333333333 -6.04106434993506 0
-2.58633333333333 -7.2875880277013 0
-5.19933333333333 -9.95368492776623 0
-3.69533333333333 -4.31206488231169 0
-56.3883333333333 -42.2822893712078 0
-58.9233333333333 -47.4459664577273 0
-2.93733333333333 -1.88747805103896 0
-54.4823333333333 -35.1376945243117 2
-19.3433333333333 -22.0229148940909 0
-10.2343333333333 -10.1478177173247 0
-1.21333333333333 -2.8794813491948 2
-4.78433333333333 -2.8971660621948 0
-12.5413333333333 -18.4164126414286 0
-3.57633333333333 -3.50369303161039 0
-19.2973333333333 -21.5035894216883 0
-6.55033333333333 -8.87565367327272 2
-49.8433333333333 -37.0285652243896 0
-19.5133333333333 -20.4716766357792 0
-12.6673333333333 -13.9247982492208 0
-28.2993333333333 -27.3628913393636 0
-9.98233333333333 -9.99929533597403 2
-3.82633333333333 -10.3647104511818 0
-26.3133333333333 -25.1960732914805 2
-7.02733333333333 -9.43451922081818 0
-5.63933333333333 -10.3573741015454 0
-46.2353333333333 -35.2634942047013 0
-3.83633333333333 -3.39773679685715 0
-2.55233333333333 6.24872509801299 0
-31.2333333333333 -26.6860148303247 0
-7.87233333333333 -10.4566442993507 2
-10.1243333333333 -9.53920841705196 0
-54.1833333333333 -39.7934990094286 0
-6.37333333333333 -11.217975563026 2
-55.5913333333333 -36.8885111278442 2
-3.46333333333333 -5.31924873671428 0
-44.9843333333333 -29.7690848857792 0
-3.58333333333333 0.468101407792207 2
-3.33333333333333 -9.67541386798701 2
-22.2023333333333 -22.6438887755584 0
-5.00333333333333 -10.9139596197532 2
-6.40933333333333 -11.2467507540779 0
-6.73333333333333 -11.2515894496234 0
-49.2733333333333 -36.100239113987 2
-6.97333333333333 -10.7846858111688 0
-6.73333333333333 -10.7932492154156 2
-41.4433333333333 -32.6087856587013 2
-53.9733333333333 -41.3603088173117 0
-4.88233333333333 -8.57307987885715 0
-1.81333333333333 1.71256871167532 0
-54.2293333333333 -33.1124862348571 0
-49.0633333333333 -33.0599879554285 0
-9.28733333333333 -17.2907378774805 0
-53.0223333333333 -33.4633412812727 2
-3.54333333333333 -5.07036907525974 0
-23.9463333333333 -23.6563947234545 2
-53.3683333333333 -35.6349955616753 0
-1.78333333333333 -4.69107498328572 0
-54.6073333333333 -30.8602358288961 0
-5.25033333333333 -6.87232639083116 2
-11.2843333333333 -17.8650208113247 0
-10.1203333333333 -10.7223231751299 2
-30.6333333333333 -25.6795026646364 2
-6.64733333333333 -10.4212250727792 2
-22.9503333333333 -22.5155186492338 2
-48.1083333333333 -33.789429837026 0
-31.5733333333333 -28.7568087817012 2
-56.6173333333333 -36.4596625148052 2
-21.3183333333333 -22.2050106526104 2
-10.7733333333333 -17.0319432024545 2
-10.9013333333333 -17.041554881974 2
-53.4083333333333 -32.0491595156364 0
-13.5503333333333 -17.1676493121818 0
-56.9133333333333 -45.1925811788961 2
-6.25133333333333 -12.3853110355195 0
-55.7393333333333 -45.2093716293896 2
-53.9843333333333 -35.1091115686884 2
-55.7473333333333 -34.223654878961 2
-7.10733333333333 -16.6502467733766 2
-19.0823333333333 -21.7219165730779 0
-5.31533333333333 -12.3295181273506 2
-13.4923333333333 -17.8763638956234 2
-27.8333333333333 -23.0700181100909 2
-68.7723333333333 -34.6108737998572 0
-37.1633333333333 -34.1424826430649 0
-15.7433333333333 -18.3470295736364 0
-51.9833333333333 -32.5757583287792 2
-53.4043333333333 -32.5637394312987 2
-56.0853333333333 -32.5277696397143 0
-29.7333333333333 -24.7889658881039 2
-4.23233333333333 -13.5345742847403 2
-48.9343333333333 -29.1623593716234 2
-13.9553333333333 -16.7441013435844 2
-18.7343333333333 -17.8140116537013 2
-3.88833333333333 -12.3724388084935 2
-50.8633333333333 -28.990244924987 2
-3.17433333333333 3.18813602390909 2
-47.5233333333333 -28.9965830643246 2
-8.73933333333333 -16.7776306291948 2
-4.39533333333333 -2.61611442222078 2
-49.0743333333333 -33.2763036433376 2
-58.1973333333333 -44.4897832636624 0
-58.6663333333333 -32.8031409413767 2
-55.5883333333333 -31.1072105537402 2
-38.2533333333333 -28.4806214932727 2
-3.37333333333333 10.5149467016364 2
-38.5153333333333 -28.4283139303117 0
-8.77433333333333 -16.468064394039 0
-5.38733333333333 -12.7917084338571 2
-25.2433333333333 -22.5838635705195 2
-23.5733333333333 -23.0833879463506 2
-3.52333333333333 -5.22747888584416 0
-46.1033333333333 -28.0370170294545 0
-51.1243333333333 -28.043755508039 0
-2.34333333333333 2.38096370416883 2
-25.3903333333333 -22.6037666613377 0
-54.3623333333333 -32.7643406457922 2
-2.38333333333333 -12.9801333595844 0
-45.8333333333333 -31.506444923987 0
-17.1553333333333 -18.7905980775974 0
-8.08033333333333 -13.1048103658312 0
-3.21733333333333 -3.15491914587013 2
-4.46133333333333 -6.17851008990909 2
-7.26233333333333 -13.2007847971948 0
-9.78833333333333 -17.7351236211039 2
-30.2833333333333 -24.4746588707273 2
-28.0333333333333 -24.9527991783636 2
-5.54833333333333 -13.1326462164156 2
-21.9533333333333 -21.9295630122207 0
-11.5633333333333 -17.5403512577532 2
-50.5093333333333 -32.1854605043247 2
-14.0833333333333 -16.2954156271169 2
-3.35733333333333 2.70937820024675 2
-48.7503333333333 -31.1613325978311 2
-3.79033333333333 -6.68371372476624 2
-3.11333333333333 4.63848053083117 2
-2.89733333333333 -11.4791693454675 2
-2.95933333333333 -4.01837367866235 0
-47.7073333333333 -31.9693784332598 0
-47.1173333333333 -31.4781140587273 0
-41.7433333333333 -31.961610820039 0
-20.9983333333333 -22.7027109945844 0
-15.8133333333333 -20.0213167278312 2
-6.54433333333333 -12.6063725966234 2
-7.35833333333333 -12.0916006335454 0
-15.2993333333333 -19.4810325502078 2
-7.26433333333333 -12.7221702273636 2
-36.3033333333333 -27.7978840388961 2
-5.48333333333333 -15.8518030565844 2
-45.5953333333333 -30.4869221010129 0
-19.8133333333333 -21.7750460618961 2
-7.12333333333333 -15.8495939654805 2
-47.2833333333333 -28.0760079708182 2
-50.4043333333333 -28.0799099197143 0
-42.2293333333333 -31.589193352026 0
-26.8433333333333 -24.2982428327532 0
-6.16533333333333 -11.0466535433636 0
-43.7243333333333 -31.3848846984156 2
-41.7773333333333 -28.890652698 0
-41.9933333333333 -28.9120405131039 2
-6.73533333333333 -12.2898248876753 0
-8.42033333333333 -15.0846029133377 0
-26.2243333333333 -25.1172607436883 0
-2.89833333333333 -4.25877143123377 0
-26.0733333333333 -25.0041671458442 0
-30.1223333333333 -25.3165502228961 2
-4.97333333333333 -8.41158896074026 2
-10.8933333333333 -15.9061796194675 2
-13.6013333333333 -15.9008584281299 0
-43.4333333333333 -30.536339936052 0
-7.42533333333333 -10.9603771843377 0
-20.7083333333333 -22.0728830184156 0
-4.26233333333333 -5.54192230928571 2
-8.40333333333333 -13.8991820846883 0
-23.2093333333333 -23.3193123265065 2
-5.29333333333333 -8.24623148240261 0
-5.66233333333333 -8.11575267851948 0
-39.2723333333333 -29.419839634 4
-2.44333333333333 -1.44532125962338 0
-43.3043333333333 -29.5271681121039 0
-46.0613333333333 -28.2135223621169 0
-1.50333333333333 -8.33719627693507 0
-32.0733333333333 -24.7598246603247 0
-3.03933333333333 -3.22900433133766 0
-11.4853333333333 -0.985270412675324 4
-43.1533333333333 -33.5017399690779 0
-6.18033333333333 -8.23445623485714 0
-41.5053333333333 -29.9036637512337 0
-17.0533333333333 -15.7724651578052 4
-2.70133333333333 0.00171834046753248 4
-2.10133333333333 -1.69322636951949 0
-3.36333333333333 -3.72267810406493 0
-6.78333333333333 -11.2436801935974 0
-21.4413333333333 -21.6907737804286 0
-22.7033333333333 -22.9281500717792 0
-8.01333333333333 -11.165806942026 0
-25.6343333333333 -23.1887386122078 4
-1.68333333333333 0.575075679714287 0
-2.90633333333333 -1.29436442162338 0
-23.5133333333333 -28.5094165395325 4
-32.2823333333333 -24.3578220312338 0
-0.303333333333333 1.03455819387013 4
-0.754333333333333 0.983421776792207 1
-2.51333333333333 -2.22291476497403 4
-6.02733333333333 -2.32444113533766 0
-13.7393333333333 -15.5094082825584 4
-34.7803333333333 -23.8044304815325 4
-20.5733333333333 -18.5724220458312 0
-23.5633333333333 -20.9258178059481 0
-3.07833333333333 -4.00333086802597 0
-28.9393333333333 -22.7565839670649 0
-4.05433333333333 -4.50758261972727 4
0.104666666666667 1.43878390105195 1
-6.00333333333333 -7.44548617594805 4
-1.22633333333333 0.731191646246754 4
-36.6533333333333 -36.3453824077533 4
-4.43433333333333 0.144306425051948 1
-10.0043333333333 -6.40975813828572 4
-1.82333333333333 -3.68407396920779 0
-1.41633333333333 2.25736011158441 0
-25.0703333333333 -20.2679822777792 0
-3.14233333333333 -2.88354053042857 0
-23.3843333333333 -19.0013567531688 4
-38.3833333333333 -25.4692751876883 0
-0.683333333333333 0.349210178220779 0
-33.5133333333333 -39.2661682170909 0
-0.887333333333333 0.0881517704545454 0
-0.688333333333333 1.84303142277922 4
-0.865333333333333 1.73109704001299 4
-30.8933333333333 -37.7980726265325 4
-1.89133333333333 -1.03756755124675 0
-20.8633333333333 -17.6986356731558 0
-4.61133333333333 -5.92998528911688 4
-10.5353333333333 -6.04042389305194 4
-3.16333333333333 -2.628120087 4
0.274666666666667 0.208129100688311 4
-5.19333333333333 -6.06899116215584 4
-6.93233333333333 -6.07583305884416 4
-1.30333333333333 -2.68053587212987 0
-26.1833333333333 -19.0089213114416 4
-0.0133333333333333 0.5629303122987 0
-4.69333333333333 0.299661203337662 4
-1.30333333333333 2.02548671137662 4
-8.34333333333333 -5.88134480016884 0
-4.13433333333333 -4.50323068637663 0
0.626666666666667 2.39513468419481 0
-0.593333333333333 2.39404681387013 1
-1.63633333333333 -3.09695481751948 4
-1.74133333333333 0.209957900155845 0
-1.21333333333333 0.207691407376623 4
1.03066666666667 2.52916927315585 4
-34.0133333333333 -21.6841342125065 4
0.156666666666667 1.66406232548052 4
-4.05833333333333 -3.55445840209091 4
-2.43933333333333 -3.08416552018181 4
-0.199333333333333 1.67040819715585 4
-15.3433333333333 -14.0650062666623 4
-6.35333333333333 -14.0084658660909 4
-9.44133333333333 -5.67165468035064 1
-33.8633333333333 -36.0362339968441 0
-0.304333333333333 2.59537387528571 4
-2.67533333333333 -2.98863918158441 1
-0.774333333333333 1.6018645528961 4
0.246666666666667 0.285890827272727 0
-1.10333333333333 1.60693136006494 4
-2.09333333333333 0.991820861636363 4
-0.713333333333333 1.02156426209091 4
-0.893333333333333 0.986532981012986 0
-0.646333333333333 -0.11701542261039 1
-0.735333333333333 3.62146995180519 4
-1.99533333333333 -1.6478560982987 4
-49.7273333333333 -39.0001827858052 4
-17.4933333333333 -8.69232231387013 1
-0.477333333333333 0.234531686727273 4
-32.9933333333333 -28.1792596476753 4
-0.624333333333333 3.37993895592208 1
-23.3633333333333 -16.4435437657922 4
-0.772333333333333 1.09637494723377 1
0.0476666666666667 -0.730992672779221 1
-0.160333333333333 0.0117240104155844 4
-4.58333333333333 -3.76745378336364 4
-32.8333333333333 -28.4537030495714 4
-1.69333333333333 -0.826280100454546 0
-1.52333333333333 0.675459201792209 4
-0.830333333333333 -0.188426989194805 1
-46.3453333333333 -37.6481250608831 4
-2.30333333333333 -1.879972558 4
-2.20433333333333 -1.87952362033766 4
-55.7093333333333 -37.380855538974 4
-0.533333333333333 0.196816387506493 4
-41.9533333333333 -37.1729793864675 0
-52.5193333333333 -32.5257151311948 1
-0.594333333333333 -1.42645687698701 1
1.02966666666667 1.60246221424675 4
-1.45633333333333 5.06424912041558 0
-1.90333333333333 -3.54770421368831 0
-1.25933333333333 -0.143607918961039 4
-50.7343333333333 -32.7639593016104 4
-0.889333333333333 1.20244097205195 4
-0.222333333333333 1.00993195315584 1
-2.53833333333333 -0.75312864861039 1
-2.50133333333333 -0.592688768506493 4
-0.0463333333333333 -0.862162566194804 1
-31.1733333333333 -16.5573032335714 1
-67.8213333333333 -39.7335312467792 4
-30.4633333333333 -30.9980068982987 4
-0.441333333333333 -1.59405874474026 1
-33.6733333333333 -16.2482773798311 4
-29.1233333333333 -16.2459116492857 4
-1.62033333333333 4.8192628192987 4
-1.80033333333333 1.19081256858441 4
-3.69533333333333 -0.933758714103896 1
-48.3033333333333 -42.4264024532988 4
-31.8133333333333 -28.5593727461948 1
-2.75233333333333 -0.25214249525974 1
-37.3933333333333 -38.8883830855454 1
-50.4473333333333 -32.3749813580519 1
-0.206333333333333 2.32451558955844 1
0.104666666666667 -0.317068652727273 1
-64.2443333333333 -40.3365227409351 4
0.0116666666666667 0.229247786974026 4
-0.826333333333333 -4.22795510023377 4
-0.536333333333333 -2.03597065109091 1
0.941666666666667 0.16014538551948 4
-52.7863333333333 -42.3557473418312 1
-0.477333333333333 3.44079852546753 4
-43.2633333333333 -36.3020193342857 0
-67.9293333333333 -47.6943711616233 4
-60.1453333333333 -37.6864341622598 4
-43.0533333333333 -38.2668832059221 4
-51.0493333333333 -38.5829576505454 0
-51.8443333333333 -48.847889243948 0
-0.553333333333333 1.46998123335065 4
0.854666666666667 -0.601651072506493 4
0.261666666666667 3.39932602496104 0
-28.2933333333333 -39.2637855965714 0
1.73666666666667 -2.36558279302597 1
-54.4733333333333 -51.0234877677532 1
-0.554333333333333 -3.15529344375325 1
-28.1533333333333 -14.7831532904156 1
-2.75433333333333 1.2572845328961 4
-0.339333333333333 0.853920066233766 4
-1.33333333333333 1.50119071133766 1
-20.4193333333333 -12.7556694941299 4
-23.3433333333333 -15.8179188858312 4
-1.45933333333333 1.31558319501299 1
0.116666666666667 4.05472314155845 1
-22.7633333333333 -15.7650464958182 4
-45.0623333333333 -12.910817097026 4
-54.4833333333333 -46.6217039073506 4
-70.8753333333333 -40.1242959427532 0
-27.0633333333333 -37.024265209961 4
-33.8733333333333 -36.6459169809611 1
-1.79333333333333 1.43233136862338 1
-0.131333333333333 -4.37825595429869 1
-53.8713333333333 -36.288053930935 4
-0.473333333333333 2.18001971251948 0
1.99166666666667 0.480556692012987 1
-46.4663333333333 -36.0149319077533 4
-67.0473333333333 -46.4156691965455 4
0.214666666666667 -0.144415649922078 4
0.145666666666667 3.60522229212987 4
-1.04033333333333 1.42240955876623 1
-9.06333333333333 -8.82534434163635 4
0.116666666666667 4.23275932553246 1
-33.4333333333333 -40.9178788363766 4
-45.1433333333333 -40.8128978001948 0
-67.6713333333333 -45.4225000782727 1
-0.324333333333333 -0.843452184467532 4
-12.4933333333333 -8.51126043797403 4
-62.4793333333333 -41.0617654034935 4
0.106666666666667 4.49918639371429 1
0.426666666666667 0.0896167599999999 1
-0.323333333333333 1.98166231562338 1
0.518666666666667 -0.705441358207792 1
-50.4533333333333 -46.7760558952727 4
1.73066666666667 0.594550070025974 4
-46.3313333333333 -30.3086208820649 4
1.48666666666667 0.095092919987013 1
-16.7933333333333 -13.2643774658182 4
-59.7913333333333 -37.504962027987 1
1.20566666666667 2.53922822151948 1
1.69766666666667 0.689573116077923 4
-2.61433333333333 2.55923287835065 4
-63.1583333333333 -42.2640385428441 1
-45.3133333333333 -36.5777801568052 4
-62.7433333333333 -41.7494820714415 0
-64.8623333333333 -33.7922802004416 4
-0.204333333333333 1.80918429968831 1
2.05266666666667 0.62422308238961 1
2.09866666666667 0.818942113402598 1
-76.5133333333333 -43.2948252544805 4
-0.843333333333333 2.96809874471429 1
-42.6533333333333 -43.0204372389091 1
-35.1433333333333 -30.7451168664675 4
-1.52333333333333 3.24425998688311 1
0.547666666666667 0.546406726051948 4
-69.2693333333333 -42.1420019831948 1
-0.203333333333333 3.25979063809091 4
-6.31333333333333 -3.03535708935065 4
-0.0793333333333333 3.26764397987013 0
-44.6493333333333 -30.1219841647013 1
-30.5133333333333 -34.8766194004545 4
-47.0143333333333 -34.7529007983117 4
2.31866666666667 0.760948973415585 1
-39.4233333333333 -37.7523280610779 1
-50.5503333333333 -28.5618241848182 1
0.358666666666667 3.3784269328052 1
-43.7593333333333 1.55733788912987 1
2.10866666666667 0.987389528532468 4
-48.4133333333333 -41.8804339044805 4
2.24966666666667 0.780204551870129 4
0.116666666666667 2.97679996145455 1
-4.92333333333333 -2.01126124133766 1
-71.2613333333333 -42.9678937697533 1
0.107666666666667 2.17210712337662 1
-1.31333333333333 2.93219122358442 4
-56.2833333333333 -46.7963846402598 4
-45.8433333333333 7.09306330242857 0
-61.4923333333333 -49.305565346078 4
-41.1233333333333 -37.6996011556233 4
-61.7203333333333 -48.1777511377403 1
0.125666666666667 2.81807689796104 1
-0.857333333333333 3.22954330484415 1
2.36366666666667 0.908665284766235 1
-30.2633333333333 -12.1630068272598 4
-52.4033333333333 -42.177118073961 1
-47.5793333333333 8.85898182687013 4
-51.7433333333333 -42.1941222048832 1
3.09666666666667 1.67610370732467 4
2.19666666666667 0.756223565402598 4
-3.88333333333333 1.15697349414286 1
1.27666666666667 0.776548712597403 1
2.39566666666667 1.13714945253247 1
-51.0923333333333 -3.92600944323377 4
-31.2033333333333 -25.8116469827662 1
-46.2033333333333 -48.514900258065 0
-29.8633333333333 -24.6299102554675 4
-0.373333333333333 5.59903249842857 4
-57.8323333333333 -27.6977753811299 1
1.41666666666667 0.691108430376624 1
-39.2133333333333 -31.735792608987 1
1.28566666666667 2.50115195732468 1
0.890666666666667 2.06081215263637 1
-41.7713333333333 -19.9986675755974 1
-63.4833333333333 -33.8796992137922 1
-69.6123333333333 -43.2640734737143 4
2.00266666666667 1.06350942716883 1
-44.9433333333333 -36.7728453418442 4
-10.1003333333333 3.73322522496104 1
-2.78333333333333 5.09662410231169 1
-1.17333333333333 1.04848719490909 1
-61.3623333333333 -37.0770467967272 4
-61.3043333333333 -36.6148460155585 4
-32.8233333333333 -24.6315739968701 4
-52.3073333333333 -26.191944151948 1
-51.7073333333333 -25.8908558208961 4
-24.4033333333333 -18.0789132737013 4
-24.0933333333333 -18.1270993745195 1
1.51666666666667 1.04801805828571 1
-44.9713333333333 -25.9169904741688 1
3.80466666666667 1.52536115880519 1
-46.0233333333333 -40.0403506373766 1
-26.9733333333333 -23.6225425418961 1
-46.8633333333333 -38.4445691823895 1
2.67066666666667 2.02107159058442 1
2.81666666666667 0.498299902987013 1
3.03866666666667 1.31364225848052 1
-53.0733333333333 -45.4704657274415 1
1.89666666666667 0.534370251038961 1
-1.03333333333333 0.518623111142858 1
-41.1443333333333 -24.948547520974 0
-62.8373333333333 -38.4393742457662 4
-67.6433333333333 -47.0940010982987 1
-67.6433333333333 -47.0959552138572 1
-67.6433333333333 -47.0979105482728 1
-67.6433333333333 -47.0998671034286 1
-67.6433333333333 -47.1018248811298 1
-67.6433333333333 -47.103783882948 0
-67.6433333333333 -47.0948425817014 1
-67.6433333333333 -47.0956822077792 4
-67.6433333333333 -47.0965199764806 4
-67.6433333333333 -47.0973558872468 4
-67.6433333333333 -47.0981899395714 1
1.47766666666667 5.66459412597402 4
2.88766666666667 1.62984847561039 4
-36.7933333333333 -34.4460520269091 0
-7.59333333333333 -15.5481548543896 4
-22.3633333333333 -22.0640906773896 4
-20.7833333333333 -19.3215311705325 1
-63.6983333333333 -39.2584043462987 1
6.01666666666667 7.00304263890909 1
-42.8463333333333 -30.0538729747143 1
0.446666666666667 2.53569479009091 4
0.536666666666667 1.57551509046753 4
1.20666666666667 1.03330577127273 0
-46.9933333333333 -39.3524381097533 0
3.16666666666667 1.16608452005195 4
3.26166666666667 2.06253996058442 4
3.37666666666667 4.10987166805194 1
2.38666666666667 1.10370939036364 4
3.05766666666667 2.25488816812987 4
-63.5983333333333 -41.5682277711558 1
-46.8733333333333 -41.567676856 4
-42.2153333333333 -22.4830720104286 4
-49.4833333333333 -41.5313845786623 4
3.18166666666667 1.1908555855974 4
2.05666666666667 1.66047666144156 1
3.60966666666667 3.99323455906494 4
5.71466666666667 6.22448972555843 1
1.92266666666667 1.5208165547013 1
2.97366666666667 2.18141466298701 1
-38.4983333333333 -21.8991716031818 1
2.99666666666667 2.86624649407792 1
2.37666666666667 0.406208740194805 4
-43.5353333333333 -23.0994169025195 1
1.74666666666667 1.70288410184416 1
3.27766666666667 2.73542485427273 1
2.09966666666667 2.76609001742857 1
3.32366666666667 2.6809992154026 1
-28.1333333333333 -23.1053525301688 0
2.69766666666667 2.52015760581818 4
-68.8833333333333 -45.2576472542858 1
-68.8833333333333 -45.2553739497532 0
-68.8833333333333 -45.253099091091 4
-68.8833333333333 -45.2508226831818 1
-68.8833333333333 -45.2485447312988 1
3.03666666666667 2.05581320958442 4
-68.8833333333333 -45.2556264053767 4
-68.8833333333333 -45.2513340494676 4
-68.8833333333333 -45.2470419356624 4
-68.8833333333333 -45.2427500667142 1
-68.8833333333333 -45.2384584465974 4
6.06666666666667 5.79641846501299 4
0.946666666666667 1.41740172136364 4
-27.5733333333333 -26.4790830721688 4
11.9276666666667 2.55180473883117 1
2.10666666666667 2.26481373468831 1
-8.13333333333333 -9.713758428 4
-38.0493333333333 -20.2025890565714 1
2.94666666666667 2.18291180780519 1
3.76766666666667 2.48898032994805 1
2.96866666666667 2.16707177628572 1
1.54666666666667 1.26909524696104 4
-39.8823333333333 -20.1886322419221 1
4.12666666666667 0.762532670558442 4
1.02566666666667 4.92329814212987 1
1.83666666666667 2.43381289455844 1
1.46466666666667 1.16889750281818 1
-40.5353333333333 -24.7065021774935 1
-39.6583333333333 -22.5551427267792 4
3.63866666666667 4.80308412393507 1
-25.7133333333333 -23.9118605974286 4
-25.3633333333333 -22.9480528306364 4
-41.1673333333333 -20.8745965332987 3
-40.6553333333333 -22.3536448300389 4
3.75666666666667 1.3567955654026 4
-17.3833333333333 -13.6878881158961 4
3.92766666666667 0.989255224285716 4
-39.4773333333333 -21.0278491023117 4
-37.8043333333333 -19.678520287987 4
-17.4133333333333 -20.6881517154675 4
-24.8433333333333 -22.286143293013 4
3.39666666666667 0.718551787753247 4
-36.6613333333333 -17.808432232961 3
4.15766666666667 2.53889549437662 4
2.22666666666667 0.651455946948052 1
7.93966666666667 4.20730433637663 4
1.93666666666667 0.510153371311688 1
3.66166666666667 1.15475784648052 4
3.92666666666667 5.70168116403896 1
3.71266666666667 0.330943862012987 4
4.45766666666667 5.71333550383117 4
1.95566666666667 3.09742432125974 3
3.75666666666667 1.33624827609091 4
2.24866666666667 5.33408157290909 3
4.19166666666667 3.471608005 4
13.1776666666667 5.76030674692208 3
3.49166666666667 2.47302164285714 4
-12.8033333333333 -11.3400702000649 4
3.27666666666667 1.99702824498702 4
-12.4033333333333 -11.4428671831429 4
4.13166666666667 6.15145426025974 4
-9.46333333333333 -9.85705104029871 4
4.66466666666667 1.09249305964935 4
3.60666666666667 1.14555126322078 3
10.0626666666667 10.4680636976234 4
4.54666666666667 0.415307455805195 3
20.5366666666667 3.20634840471429 3
3.32366666666667 5.42627147816884 3
20.7136666666667 3.19658359485714 4
3.16066666666667 1.99862859358441 4
5.51766666666667 6.54939144984415 3
3.56466666666667 1.55371029157143 3
4.38566666666667 0.844628403623376 3
4.57166666666667 0.151775194103896 3
5.09566666666667 5.84328314438961 3
3.25266666666667 3.75647068068831 3
16.3866666666667 13.5871520837662 3
2.17666666666667 3.81493776553247 3
18.4016666666667 1.39162063790909 3
9.71566666666667 9.72746291938961 3
12.2826666666667 11.2883888385584 3
1.58266666666667 4.70635492480519 4
5.95966666666667 3.32575824055845 4
20.6046666666667 0.425004216571429 4
9.76666666666667 8.81292387725974 3
3.96666666666667 0.243142997116883 4
7.76666666666667 8.07957112520779 4
14.8666666666667 11.7537432126234 3
5.83366666666667 7.28202753680519 3
20.4486666666667 4.03187258767532 3
12.9016666666667 9.47326508322079 4
7.97166666666667 8.23904174238961 3
4.24866666666667 6.6287272943896 3
12.3466666666667 10.0323237157922 4
4.55366666666667 0.616335005103896 3
4.13666666666667 1.14333541301299 3
5.03666666666667 2.23894313246753 4
11.9286666666667 12.2896743895714 4
4.76666666666667 3.12824336442857 3
4.58666666666667 1.80074799035065 3
18.3526666666667 10.8467287777143 3
5.60666666666667 6.53733995589611 4
13.4306666666667 8.39347260624675 4
2.93766666666667 2.74056135732467 3
17.6756666666667 10.7667999390909 3
8.88666666666667 11.8916262207662 4
3.74066666666667 2.52519505092208 4
11.0936666666667 6.68635782685714 4
8.20966666666667 5.93851303083117 3
2.13466666666667 1.9144558928961 4
2.23366666666667 2.73133295248052 3
3.58266666666667 5.18237138642858 4
19.0216666666667 9.62437108367533 4
20.2566666666667 9.61977559909091 4
3.18366666666667 3.06409442272727 4
3.49666666666667 2.38907618219481 4
18.0246666666667 -1.36511069168831 4
21.8226666666667 -4.55835683963636 4
3.18266666666667 3.12472647336364 3
3.23566666666667 2.49123297249351 4
3.12266666666667 2.94242138532467 3
19.6366666666667 -7.23762533542857 4
2.80566666666667 3.19003886793506 4
20.1616666666667 -7.2643393917013 4
4.14466666666667 2.71205219928571 4
3.05166666666667 2.46290989588311 4
8.10666666666667 2.89543704993507 4
3.99666666666667 2.91443398332468 4
4.06866666666667 2.65634793016883 4
2.95066666666667 2.81980044466233 4
4.62666666666667 1.91058168287013 4
13.2366666666667 1.38109236 0
3.09866666666667 1.50042154867533 0
14.6666666666667 0.84843878574026 0
3.35666666666667 0.97344700996104 0
3.76066666666667 0.917305389207792 0
3.25866666666667 0.889614436753247 4
