-72.0088166725132 0 2
-2.28532640802709 -6.28 2
-1.75235754412502 -6.28 2
-0.382446300502508 -6.28 2
-0.330433899303522 -6.28 2
-0.260789579768257 -5.97 2
-0.207727821488419 -5.91 2
0.830596203142122 -4.28 2
0.882302215959271 -4.28 2
0.974257747230958 -2.68 2
2.38351695862364 -2.55 2
2.61098639928545 -2.41 2
4.03736838385502 -2.2 2
4.2665915964463 -2.13 2
4.2837531937295 -2.19 2
5.44814499941799 -2.19 2
5.78845201606842 -2.19 2
5.84992673381882 -1.75 2
6.15936084587028 -2.19 2
6.21147688649 -1.44 2
6.28877938542509 -1.44 2
6.43888011703606 -13.23 2
6.75574161125454 -13.23 2
6.86073737556399 -4.34 2
6.92280281384665 -4.93 2
7.21421331188549 -4.34 2
8.09444068048736 -3.26 2
8.42945558080712 -3.26 2
9.52378534211874 -4.93 2
12.4965844187011 -4.66 2
13.7342468307973 -4.66 2
14.3576810408495 -5.48 2
15.4324800831549 -4.66 2
16.0302505604167 -4.08 2
16.311449224845 -4 2
17.3593704609141 -2.94 2
17.5672502095819 -2.94 2
17.7992576607354 -1.12 2
17.9404736925706 -4 2
18.0606539356008 -4.36 2
18.1485806447463 -4.36 2
18.5477135801604 -4.36 2
19.0281508427316 -4.36 2
19.0686979704638 -4.36 2
19.1899051824123 -4.6 2
20.0131142298779 -6.49 2
20.4641058259285 -4.6 2
20.4714477941145 -4.6 2
21.7769246894959 -4.43 2
21.8827517364836 -4.23 2
22.4780241211032 -4.23 2
23.208059222517 -4.23 2
23.7963903453734 -4.15 2
25.8488362043433 -3.5 2
25.8564887100556 -3.5 2
26.1215755500466 -3.46 2
26.240015522617 -2.85 2
26.4915236395952 -2.68 2
26.8460909171405 1.2 2
26.8984198381538 1.2 2
26.8990343222256 1.2 2
26.9496040096885 -0.67 2
27.0401628303639 -0.82 2
27.2591546095475 -1.51 2
27.2947894615429 -1.671 2
27.5648710748318 -1.671 2
28.3222739109526 -1.671 2
28.5356368284488 2.45 2
29.1890895893861 5.06 2
32.4095589014867 5.06 2
32.9133208186966 5.06 2
37.0531769820746 1.15 2
37.8284230425153 1.15 2
38.0652609306075 0.27 2
38.172348936365 0.52 2
40.6186341851443 0.52 2
41.5749824136799 1.43 2
41.6978986440721 1.74 2
44.168156554314 4.83 2
44.8620136573183 4.83 2
45.3981409502178 4.83 2
46.2405637520875 5.48 2
48.3052897736501 6.45 2
50.0622768546054 6.92 2
51.9550676566812 6.92 2
51.9706458030345 6.92 2
52.1745708923147 6.92 2
52.1829615321433 6.87 2
52.7892261198884 6.75 2
53.4125296109677 6.75 2
54.1230971968121 6.75 2
55.0530083939877 6.75 2
56.3873018221384 8.15 2
61.4886465193925 9.009 2
64.4586824948837 15.69 2
65.34567154574 15.69 2
68.4165453024476 15.95 2
68.4451754302224 17.81 2
69.2659594428849 18.12 2
69.2745044172717 18.12 2
70.9501683268478 18.25 2
71.0280910458576 18.12 2
71.1039030309952 15.75 2
72.2130274639112 14.77 2
74.6848922485099 14.77 2
75.8122876376382 13.56 2
77.0845900771782 1.76 2
77.3598741382542 1.76 2
77.3943320069547 13.56 2
77.6173501134966 12.1 2
78.214068519671 16.32 2
83.1459519797166 17.63 2
85.7768508229484 17.63 2
86.0169485964646 16.32 2
88.5549695978815 17.63 2
89.1587341466228 17.63 2
90.0980086461535 17.18 2
94.8253329066115 14.4 2
95.6949834533114 13.78 2
102.500956665955 9.58 2
104.518709159159 8.89 2
105.367101236694 0.562 2
107.89021178142 -2.33 2
108.409592566605 -2.33 2
108.960034819349 -2.9 2
109.412813092882 -2.33 2
109.456843207928 -2.4 2
110.066245835285 -1.61 2
110.218032523091 -1.61 2
110.410131777496 -1.61 2
111.629581958724 -2.34 2
111.788645052757 -0.48 2
112.142950990109 -2.34 2
112.881800459891 -5.57 2
113.565204437097 -2.34 2
114.014248424747 -0.84 2
115.227513931534 -5.57 2
115.556617891351 -5.57 2
116.997183344958 -10.36 2
117.708038461101 -11.49 2
118.286495441263 -14.99 2
118.4117135098 -15.62 2
118.498918080967 -15.62 2
118.763462277986 -15.19 2
119.79347521543 -14.99 2
120.683431386502 -14.46 2
